286
294
319
490
495
581
653
845
980
985
1113
1307
1600
2861
20034
20294
20681
20972
21273
21439
21668
21776
21783
21828
22083
22161
22174
22193
22269
22291
22350
22353
22368
22512
23157
23304
23346
23597
25047
25069
25150
25329
25943
26373
26879
27224
27268
27397
27708
27739
27774
27787
28120
28659
28843
29185
29202
30161
31005
31133
31167
31179
31184
31185
31362
31366
31676
31681
31722
31969
32012
32106
32112
32422
32444
32591
32759
33150
33437
33530
33531
34174
34319
34565
34689
35437
35446
35803
35810
35811
35813
35815
35819
35828
35832
35968
35975
36138
36163
36231
36239
36272
36359
36471
36474
36506
36509
36811
37039
37124
37138
37206
37224
37228
37340
37343
37345
37346
37613
37629
37687
37728
37781
37791
37893
37927
37957
37999
38016
38050
38221
38231
38256
38285
38502
38531
38632
38670
38814
38815
38995
39017
39136
39168
39270
39385
39546
39561
39618
39802
39884
39885
39968
40029
40329
40827
40875
40945
40983
40988
41614
41647
41653
42151
42158
42168
42180
42281
42402
42425
42595
42704
42880
42911
42986
43582
43878
44233
44492
44799
44878
45011
45056
45415
45429
45765
45895
45947
45963
45977
45984
46032
46033
46150
46213
46214
46385
46703
46737
46783
47145
47324
47368
47588
47590
47591
47592
47599
47600
47601
47602
48243
48578
48582
48665
48792
49083
49089
49103
49270
49276
49785
49886
49923
49980
50077
50132
50499
51181
51294
51302
51402
51574
52425
52427
52705
52741
52742
53370
53472
53581
53702
53777
53821
53851
54108
54249
54613
54659
54797
54804
54888
54889
55026
55027
55078
55097
55101
55198
55228
55357
55420
55421
55509
55513
55554
55557
55641
55651
56365
56496
57013
57591
57620
57815
57847
57950
57997
58061
58089
58155
58157
58158
58203
58217
58531
58576
58743
58769
58924
58925
58957
58958
59005
59019
59303
59910
59969
59974
60049
60364
60368
60515
60560
60584
60587
60987
61125
61620
61779
61829
61873
61879
61880
61927
61976
62009
62016
62032
62054
62127
62135
62185
62365
62512
62569
62683
62765
62769
62817
62870
62882
62938
63339
63582
64177
64224
64455
64474
64873
64886
64888
64892
64946
65212
65265
65349
65601
65616
65696
65731
65744
65795
65884
65885
65935
66030
66042
66157
66291
66372
66377
66392
66399
66443
66473
66475
66564
66565
66583
66697
66749
66824
66865
66942
67075
67117
67154
67254
67421
67477
67543
67593
67633
67675
67742
67761
67800
67851
67948
68053
68236
68456
68457
68619
68667
68904
68913
68950
68953
68969
68979
68994
69019
69033
69035
69036
69042
69045
69061
69084
69093
69102
69113
69115
69134
69152
69175
69223
69255
69265
69312
69313
69359
69377
69380
69608
69667
70131
70172
70188
70201
70202
70306
70346
70429
70438
70517
70518
70529
70542
70571
70583
70604
70611
70694
70794
70802
70843
70863
70866
70873
70926
70945
70996
71005
71055
71064
71075
71076
71134
71135
71150
71154
71259
71264
71275
71313
71319
71344
71349
71366
71393
71433
71437
71442
71445
71501
71681
71682
71730
71774
71784
71893
71894
72296
72303
72320
72367
72398
72434
72435
72760
72773
72774
72824
72825
72887
72893
72998
73002
73119
73182
73183
73529
73557
73560
73602
73682
73825
73898
74050
74506
74552
74716
74873
75004
75092
75151
75159
75262
75320
75348
75607
75670
75698
75823
75829
75956
76206
76313
76314
76726
76782
76903
77134
77218
77230
77243
77589
77663
77680
77681
77699
77742
77819
77837
77992
78132
78389
78476
79210
79213
79364
79912
80057
80072
80775
80788
80877
81239
81411
81741
81750
81937
83104
83834
83835
84472
84474
84624
85195
85399
85403
85414
85556
85598
85600
85996
86018
86019
86125
86455
86723
86816
86976
205
579
1591
2612
2632
2639
3019
20031
20032
20037
20126
20616
21605
21642
21820
22183
22203
22210
22276
22277
22579
23373
23384
23582
24152
24907
26666
27002
27407
27606
28251
28255
28487
28841
29086
29113
29174
29205
30944
31529
32642
33399
33424
33427
34118
35090
35209
35419
35596
35809
35820
35822
35825
35833
35834
35836
35967
35997
36010
36011
36125
36151
36204
36258
36343
36480
36542
37120
37344
37918
37940
37941
37943
37951
37983
37991
38133
38207
38208
38579
38863
38911
38935
39133
39176
39255
39407
39541
39699
40503
40575
41203
41685
41686
41698
41813
41891
42945
42991
44554
44789
45966
46217
46708
47319
47536
47537
47543
47554
47555
47585
47586
48757
48919
49074
49126
49922
50907
50918
51036
51307
51403
52320
52934
53008
53236
53266
54617
54731
54816
55077
55086
55136
55149
55323
55555
56068
56143
56290
56453
56455
56523
57343
57676
57680
57852
58107
58109
58405
58445
58466
58575
58744
58923
59069
59240
60290
60357
60362
61009
61037
61915
61963
62030
62137
62257
62305
62320
62391
62558
62995
63104
63463
63566
64176
64891
64903
65343
65604
65810
66061
66090
66155
66172
66652
66672
66674
67669
67670
67811
67814
69003
69040
69069
69151
69154
69393
69407
69418
70006
70361
70452
70580
70585
70618
70653
70664
70835
71066
71159
71304
71316
72067
72874
73291
73747
73830
75699
76614
80160
82732
84575
86171
217
580
624
1489
1645
1685
2785
2889
20129
20274
20672
20850
22254
22578
23470
24431
26025
26102
27361
27392
28982
29258
31778
33051
33277
34978
35534
35827
36273
36600
37211
37944
38244
38252
39610
39716
41423
41791
42018
42170
43044
44066
45402
46219
46769
47552
47553
48515
50617
51323
52956
53007
53026
53780
54703
54743
54744
55201
55311
55867
56233
56461
57517
57568
57672
57810
57857
58716
58878
59514
60850
61975
62052
62225
62559
62923
63260
63273
65261
66028
66496
66509
66721
66877
67635
67759
67798
67803
68063
69127
69216
69405
69426
70607
70696
70857
70935
71218
71229
72439
73558
74934
74935
75194
84854
211
230
267
278
518
574
637
816
851
1027
1993
2599
2627
20102
20360
20661
21376
21440
22202
23269
23290
23291
23309
24826
27742
27846
30147
31939
33050
33296
33653
33919
34173
38187
38239
38608
39605
40611
41928
41940
44664
48383
48758
49101
51185
51818
51931
54974
55278
55412
56347
57012
57516
57880
58036
58191
58567
59245
59252
61011
62803
63296
64167
64485
64498
65091
67132
67298
67405
69283
69694
70477
71000
71144
73401
80755
180
188
198
207
214
322
571
1915
1991
2052
2073
2430
2895
2913
2986
20301
20344
20354
21225
21410
21496
21900
22208
22370
22435
22613
22872
23475
24884
25528
27449
27613
28317
28572
28648
29234
32886
32896
33036
33315
33768
36003
36154
37891
38225
38390
39135
39164
39165
40212
41198
41577
41870
41924
41932
41944
42204
42252
46454
46698
47562
47563
50035
51797
52701
53574
55793
56275
56284
56488
57675
57687
58151
58447
58985
59517
59760
61827
63625
65357
65844
65845
67542
72455
162
171
223
1026
1884
2538
2764
2888
20016
22049
22178
23181
24482
24940
28311
28554
32682
32714
33035
33891
36108
39718
40461
40886
41917
45063
46486
47499
49755
51222
51547
59115
59804
65225
65910
67297
71227
71237
84109
178
846
2072
20019
21587
22026
23461
25608
29331
33353
36488
36598
36994
38740
42400
42827
46449
51196
55189
56920
57592
58011
61970
65683
65876
66544
67407
191
193
202
486
617
2427
2613
21011
21224
25953
29233
31096
33056
38245
39378
39629
40459
40625
44927
46342
50729
56055
58562
62496
62597
62746
64825
201
427
467
479
1114
2056
21632
29257
32787
33301
40731
41757
41892
56791
57972
59224
62079
78
185
203
470
478
20268
21216
32689
39529
46341
46998
50383
57951
64872
521
2091
2412
20404
21212
21227
21611
22374
25118
25767
27386
29114
33044
38486
44514
46363
47528
1885
21350
21494
21571
22120
23725
27341
36641
36642
47402
50616
56790
56799
63827
65385
174
20678
21266
25998
33306
33569
48744
173
219
465
513
41710
48066
66240
148
170
1581
2591
24600
28651
32798
61051
62740
64871
456
21195
33219
33488
41458
717
25067
32767
33054
37772
187
27958
38932
54783
20163
28527
29006
33141
37358
21345
32838
75
1741
31280
33748
137
1819
40439
51
43325
59223
20397
21234
24395
32970
46361
1347
20673
59222
1320
22877
1739
22878
265
41235
21148
32764
259
2663
37310
2424
318
32788
27370
32129
32825
36722
1115
22246
28104
32837
206
1616
21149
22700
28917
74
1379
39159
184
1711
36591
1313
23471
38170
56340
56338
26313
22924
36651
73
21800
493
34884
22045
41650
36945
709
167
25660
24315
24323
353
27494
22875
39250
64
132
21841
954
38158